10000
2 0
00

0 6
?10011

19 1
1111100001?00011?111

7 12
??00?101??1?0?100??

4 2
?10000

3 6
11?111100

1 11
111?1001001?

15 1
00?11010?10110??

3 0
101

6 12
?01??110??011?0?01

1 1
00

9 2
???01010??0

10 2
1110?0000?01

1 19
00000110100101100000

2 15
101011011?11?1111

4 8
01????101?1?

0 3
010

4 2
100?01

8 6
1??0??11?00??1

1 0
0

4 9
1?011??01?0??

3 7
1000000001

6 14
?011?11?1?110?1????1

7 6
0111100011110

3 6
11001?001

1 11
100001100001

2 11
110??1?1???11

15 0
...

1101101011011